DefaultSequence,Icon,